6.047399999999999998e-02 -1.283570000000000100e+00 4.259089999999999820e-01
-2.474799999999999917e-02 -1.295250000000000012e+00 4.417389999999999928e-01
-5.295500000000000207e-02 -1.352370000000000072e+00 2.975189999999999779e-01
7.932300000000000462e-02 -1.332740000000000036e+00 2.686060000000000114e-01
-1.037249999999999978e-01 -9.223459999999999992e-01 -7.089720000000000466e-01
-1.976519999999999944e-01 -9.775110000000000188e-01 -7.212990000000000235e-01
-2.131609999999999894e-01 -8.822659999999999947e-01 -7.224329999999999918e-01
-6.190199999999999869e-02 -9.930959999999999788e-01 -6.626959999999999518e-01
4.163390000000000146e-01 -1.182420000000000027e+00 -1.503869999999999929e-01
5.273360000000000269e-01 -1.153180000000000094e+00 -4.330599999999999727e-02
4.471330000000000027e-01 -1.207240000000000091e+00 7.466000000000000414e-03
4.340439999999999854e-01 -1.123669999999999947e+00 -2.207250000000000045e-01
5.136560000000000015e-01 -1.116340000000000110e+00 -1.546510000000000107e-01
2.633880000000000110e-01 -1.166609999999999925e+00 -2.927679999999999727e-01
1.388820000000000054e-01 -1.179440000000000044e+00 -3.419119999999999937e-01
1.081840000000000024e-01 -1.092119999999999980e+00 -4.875510000000000121e-01
-5.011299999999999782e-02 -1.081059999999999910e+00 -6.057670000000000554e-01
-1.941500000000000170e-02 -1.168379999999999974e+00 -4.601279999999999815e-01
-1.534969999999999946e-01 -1.179170000000000051e+00 -4.766750000000000154e-01
-1.858619999999999994e-01 -1.065469999999999917e+00 -6.643700000000000161e-01
-3.209699999999999775e-01 -1.069099999999999939e+00 -7.017980000000000329e-01
-2.886270000000000224e-01 -1.182739999999999903e+00 -5.141379999999999839e-01
-4.185659999999999936e-01 -1.162500000000000089e+00 -5.148679999999999923e-01
-4.484759999999999858e-01 -1.038359999999999950e+00 -6.905459999999999932e-01
-5.879720000000000502e-01 -1.277730000000000032e+00 1.407239999999999880e-01
-6.005740000000000522e-01 -1.219600000000000017e+00 -9.619400000000000173e-02
-4.853779999999999761e-01 -1.248930000000000096e+00 -1.448520000000000085e-01
-4.499279999999999946e-01 -1.321199999999999930e+00 1.427420000000000078e-01
-1.711199999999999943e-01 -1.312119999999999953e+00 4.815949999999999953e-01
-3.296589999999999798e-01 -1.270599999999999952e+00 5.763519999999999754e-01
-3.292550000000000199e-01 -1.362319999999999975e+00 3.555840000000000112e-01
-1.993270000000000042e-01 -1.369240000000000013e+00 3.373749999999999805e-01
-2.332420000000000049e-01 -1.243670000000000053e+00 5.682150000000000256e-01
4.656399999999999983e-01 -1.158949999999999925e+00 3.667850000000000277e-01
4.263629999999999920e-01 -1.206630000000000091e+00 3.680370000000000030e-01
4.444620000000000237e-01 -1.235039999999999916e+00 2.147699999999999887e-01
-5.464189999999999880e-01 -1.120829999999999993e+00 -4.864020000000000010e-01
-6.616130000000000067e-01 -1.091520000000000046e+00 -4.377489999999999992e-01
-6.931460000000000399e-01 -9.747099999999999653e-01 -5.624780000000000335e-01
-5.763289999999999802e-01 -9.966939999999999689e-01 -6.620719999999999938e-01
-1.016170000000000018e+00 -9.970590000000000286e-01 8.200000000000000344e-02
-9.728879999999999750e-01 -9.845140000000000002e-01 -6.720700000000000285e-02
-9.429840000000000444e-01 -1.061469999999999914e+00 -3.890300000000000008e-02
-9.563650000000000206e-01 -1.079930000000000057e+00 9.878499999999999781e-02
-9.639240000000000030e-01 -1.069190000000000085e+00 3.552049999999999930e-01
-9.884730000000000461e-01 -1.013099999999999890e+00 3.604990000000000139e-01
-1.023779999999999912e+00 -1.003910000000000080e+00 2.031100000000000128e-01
-9.739780000000000104e-01 -1.086759999999999948e+00 2.199039999999999884e-01
1.384559999999999957e-01 -9.531629999999999825e-01 6.456659999999999622e-01
1.113040000000000002e-01 -1.015519999999999978e+00 6.504419999999999646e-01
1.675979999999999970e-01 -1.084349999999999925e+00 5.681260000000000199e-01
3.025729999999999809e-01 -1.069239999999999968e+00 5.111660000000000093e-01
2.557119999999999949e-01 -9.939400000000000457e-01 5.432960000000000012e-01
5.200209999999999555e-01 -1.047299999999999898e+00 2.555290000000000061e-01
4.950669999999999793e-01 -9.812469999999999803e-01 2.267679999999999974e-01
4.063840000000000230e-01 -9.167130000000000001e-01 3.083770000000000122e-01
4.424029999999999907e-01 -8.855250000000000066e-01 5.390899999999999859e-02
4.230679999999999996e-01 -8.342180000000000151e-01 -5.658599999999999741e-02
3.255319999999999880e-01 -7.514570000000000416e-01 -4.914899999999999824e-02
3.537190000000000056e-01 -8.209910000000000263e-01 1.355179999999999996e-01
2.328139999999999932e-01 -9.460560000000000080e-01 -5.216520000000000046e-01
3.121240000000000125e-01 -9.674490000000000034e-01 -4.812239999999999851e-01
2.287639999999999951e-01 -1.012780000000000014e+00 -5.187389999999999501e-01
3.139190000000000036e-01 -1.034650000000000070e+00 -4.328879999999999950e-01
-8.324700000000000155e-02 -8.324730000000000185e-01 -6.460399999999999476e-01
-1.194520000000000026e-01 -8.532960000000000544e-01 -6.830709999999999837e-01
-2.288890000000000091e-01 -8.132169999999999677e-01 -6.965329999999999577e-01
3.017599999999999727e-01 -7.168959999999999777e-01 -3.444059999999999899e-01
3.201919999999999766e-01 -6.932570000000000121e-01 -2.077739999999999865e-01
4.177279999999999882e-01 -7.760179999999999856e-01 -2.152100000000000124e-01
4.206300000000000039e-01 -7.931460000000000177e-01 -2.801580000000000181e-01
-2.161430000000000018e-01 -6.797729999999999606e-01 -5.208359999999999657e-01
-2.016090000000000104e-01 -6.230099999999999527e-01 -4.480709999999999971e-01
-7.259500000000000675e-02 -6.499390000000000445e-01 -4.438880000000000048e-01
-1.165790000000000021e-01 -7.126639999999999642e-01 -5.141040000000000054e-01
1.906289999999999929e-01 -6.302809999999999802e-01 -3.485409999999999897e-01
6.346699999999999564e-02 -5.225070000000000547e-01 -3.040200000000000125e-01
2.090609999999999968e-01 -6.066420000000000146e-01 -2.119089999999999863e-01
7.102999999999999592e-02 -5.563430000000000319e-01 -1.775650000000000006e-01
8.150200000000000500e-02 -5.861809999999999521e-01 -3.633970000000000256e-01
2.087799999999999934e-01 -6.527870000000000061e-01 -1.842000000000000104e-03
7.074900000000000633e-02 -6.024880000000000235e-01 3.250200000000000311e-02
8.720500000000000473e-02 -6.544149999999999689e-01 2.266849999999999976e-01
2.369680000000000120e-01 -7.223209999999999908e-01 1.828249999999999875e-01
1.186799999999999938e-01 -7.497479999999999700e-01 5.736809999999999965e-01
1.611259999999999915e-01 -8.172719999999999985e-01 5.978059999999999485e-01
2.783829999999999916e-01 -8.580489999999999506e-01 4.954359999999999875e-01
2.822680000000000189e-01 -7.926079999999999792e-01 3.785950000000000149e-01
1.325050000000000117e-01 -7.247019999999999573e-01 4.224550000000000249e-01
-1.882610000000000117e-01 -7.135869999999999713e-01 6.360749999999999460e-01
-7.204099999999999393e-02 -6.983040000000000358e-01 5.948130000000000361e-01
-5.821699999999999792e-02 -6.732580000000000231e-01 4.435879999999999823e-01
-2.029769999999999908e-01 -6.827839999999999465e-01 4.593969999999999998e-01
-7.630970000000000253e-01 -9.536449999999999649e-01 7.694659999999999833e-01
-8.823680000000000412e-01 -9.326219999999999510e-01 6.188700000000000312e-01
-9.043219999999999592e-01 -9.663789999999999880e-01 5.962819999999999787e-01
-8.042660000000000364e-01 -9.742659999999999654e-01 7.518939999999999513e-01
-1.037979999999999903e+00 -9.101390000000000313e-01 9.120200000000000529e-02
-1.031069999999999931e+00 -8.558360000000000412e-01 9.587099999999999789e-02
-9.962870000000000337e-01 -8.309980000000000144e-01 -4.618099999999999983e-02
-9.946949999999999958e-01 -8.975940000000000030e-01 -5.800500000000000100e-02
-8.762569999999999526e-01 -7.609430000000000360e-01 -1.642109999999999959e-01
-7.922979999999999468e-01 -7.342480000000000118e-01 -2.874220000000000108e-01
-8.096870000000000456e-01 -7.557209999999999761e-01 -3.258150000000000213e-01
-9.037410000000000165e-01 -7.735039999999999694e-01 -1.831039999999999890e-01
-8.001479999999999704e-01 -7.410170000000000368e-01 -2.082170000000000132e-01
-9.364120000000000221e-01 -7.841780000000000417e-01 -3.914000000000000118e-02
-9.638959999999999750e-01 -7.967389999999999750e-01 -5.803300000000000125e-02
-9.986819999999999586e-01 -8.215759999999999730e-01 8.401899999999999646e-02
-9.403540000000000232e-01 -8.087779999999999969e-01 6.973999999999999644e-02
-8.492699999999999694e-01 -8.414239999999999498e-01 1.760049999999999948e-01
-8.275890000000000191e-01 -8.683180000000000343e-01 3.143750000000000155e-01
-7.409270000000000023e-01 -8.577780000000000404e-01 3.230549999999999811e-01
-7.548479999999999634e-01 -8.248760000000000536e-01 1.408119999999999927e-01
-2.860300000000000065e-01 -8.117140000000000466e-01 8.259440000000000115e-01
-3.858449999999999935e-01 -8.548350000000000115e-01 8.318649999999999656e-01
-4.028950000000000031e-01 -8.983229999999999826e-01 9.162620000000000209e-01
-6.918649999999999523e-01 -7.696060000000000123e-01 -5.256140000000000256e-01
-5.753650000000000153e-01 -7.366859999999999520e-01 -5.936080000000000245e-01
-5.536349999999999882e-01 -7.782109999999999861e-01 -6.564680000000000515e-01
-5.702749999999999764e-01 -8.644140000000000157e-01 -6.584069999999999645e-01
-6.870920000000000361e-01 -8.424289999999999834e-01 -5.588140000000000329e-01
-6.883270000000000222e-01 -7.292410000000000281e-01 -3.962479999999999891e-01
-5.955799999999999983e-01 -6.930669999999999886e-01 -4.326150000000000273e-01
-5.892159999999999620e-01 -7.177949999999999608e-01 -5.026350000000000540e-01
-7.057160000000000100e-01 -7.507150000000000212e-01 -4.346409999999999996e-01
-6.974890000000000256e-01 -7.139410000000000478e-01 -2.509700000000000264e-01
-5.900750000000000162e-01 -6.643130000000000424e-01 -2.865349999999999842e-01
-5.968919999999999781e-01 -6.709969999999999546e-01 -3.665419999999999789e-01
-6.896390000000000020e-01 -7.071709999999999940e-01 -3.301740000000000230e-01
-6.640949999999999909e-01 -7.567420000000000258e-01 -2.587800000000000170e-02
-5.558089999999999975e-01 -7.134570000000000078e-01 -4.851899999999999963e-02
-5.710509999999999753e-01 -6.791359999999999619e-01 -1.791359999999999897e-01
-6.784649999999999848e-01 -7.287639999999999674e-01 -1.435710000000000042e-01
-4.347429999999999906e-01 -7.153939999999999744e-01 8.846700000000000397e-02
-4.233770000000000033e-01 -7.535600000000000076e-01 2.672220000000000151e-01
-3.223779999999999979e-01 -7.106909999999999616e-01 2.700040000000000218e-01
-3.283079999999999887e-01 -6.640279999999999516e-01 7.671899999999999553e-02
-5.898309999999999942e-01 -8.739799999999999791e-01 6.600669999999999593e-01
-4.979489999999999750e-01 -8.471060000000000256e-01 6.670810000000000350e-01
-5.138479999999999714e-01 -8.160509999999999708e-01 4.817000000000000171e-01
-6.195800000000000196e-01 -8.540710000000000246e-01 5.078289999999999749e-01
3.167679999999999940e-01 -1.268999999999999906e+00 1.284500000000000051e-02
3.103119999999999767e-01 -1.276540000000000008e+00 2.448309999999999931e-01
1.886200000000000099e-01 -1.314589999999999925e+00 2.609710000000000085e-01
1.950759999999999994e-01 -1.307050000000000045e+00 2.898399999999999935e-02
-2.045939999999999981e-01 -1.369140000000000024e+00 1.145300000000000068e-01
-3.345230000000000148e-01 -1.362219999999999986e+00 1.327389999999999959e-01
-4.441769999999999885e-01 -1.349900000000000100e+00 3.583000000000000074e-01
-5.822209999999999885e-01 -1.306419999999999915e+00 3.562810000000000143e-01
-7.345329999999999915e-01 -1.226939999999999920e+00 1.298279999999999990e-01
-7.608249999999999735e-01 -1.233919999999999906e+00 3.265370000000000217e-01
-8.856650000000000356e-01 -1.165990000000000082e+00 2.949809999999999932e-01
-8.593720000000000248e-01 -1.159019999999999939e+00 9.827199999999999824e-02
-4.419150000000000023e-01 -8.397430000000000172e-01 -7.106869999999999576e-01
-4.496680000000000121e-01 -7.331800000000000539e-01 -6.621700000000000363e-01
-3.543109999999999871e-01 -7.548719999999999875e-01 -6.764970000000000150e-01
-3.465579999999999772e-01 -8.614359999999999795e-01 -7.250140000000000473e-01
-4.585540000000000171e-01 -9.259460000000000468e-01 -7.126270000000000104e-01
-3.310480000000000089e-01 -9.566799999999999748e-01 -7.238790000000000502e-01
-6.824700000000000211e-02 -1.138109999999999955e+00 5.712549999999999573e-01
1.697500000000000051e-02 -1.126440000000000108e+00 5.554240000000000288e-01
4.375600000000000322e-02 -1.076629999999999976e+00 5.909790000000000321e-01
-1.253699999999999953e-02 -1.007810000000000095e+00 6.732949999999999768e-01
-1.014400000000000024e-01 -9.891670000000000185e-01 7.243600000000000039e-01
-2.443079999999999974e-01 -9.409610000000000474e-01 8.547029999999999905e-01
-2.732370000000000076e-01 -1.021460000000000035e+00 7.882169999999999455e-01
-1.303690000000000127e-01 -1.069669999999999899e+00 6.578739999999999588e-01
5.287509999999999710e-01 -9.933809999999999585e-01 -2.290929999999999911e-01
4.046560000000000157e-01 -9.028260000000000174e-01 -3.601599999999999802e-01
4.058729999999999838e-01 -8.606920000000000126e-01 -3.363909999999999956e-01
5.299690000000000234e-01 -9.512460000000000360e-01 -2.053240000000000065e-01
5.246650000000000480e-01 -1.180979999999999919e+00 1.639990000000000059e-01
5.696820000000000217e-01 -1.083599999999999897e+00 -6.636999999999999844e-02
5.713559999999999750e-01 -1.051479999999999970e+00 -1.121000000000000035e-03
5.363390000000000102e-01 -1.148849999999999927e+00 2.292480000000000073e-01
4.024980000000000224e-01 -9.821539999999999715e-01 4.252179999999999849e-01
4.493219999999999992e-01 -1.057399999999999896e+00 3.930879999999999930e-01
4.526930000000000121e-01 -9.802250000000000130e-01 -3.327620000000000022e-01
5.560009999999999675e-01 -1.046759999999999913e+00 -1.777160000000000128e-01
4.799430000000000085e-01 -1.033600000000000074e+00 -2.813840000000000230e-01
4.854200000000000181e-02 -1.016869999999999941e+00 -5.961959999999999482e-01
1.362949999999999995e-01 -1.010750000000000037e+00 -5.576020000000000421e-01
1.959370000000000001e-01 -1.085990000000000011e+00 -4.489569999999999950e-01
4.003309999999999924e-01 -1.040939999999999976e+00 -3.474579999999999891e-01
2.859740000000000060e-01 -1.244189999999999907e+00 -1.450079999999999980e-01
4.065900000000000070e-02 -1.290259999999999962e+00 -1.638199999999999934e-01
-9.345399999999999541e-02 -1.300959999999999894e+00 -1.804340000000000110e-01
-5.801200000000000107e-02 -1.359930000000000083e+00 8.822900000000000187e-02
-2.400370000000000004e-01 -1.310170000000000057e+00 -1.541329999999999922e-01
-7.471339999999999648e-01 -1.168809999999999905e+00 -1.070900000000000046e-01
-7.571729999999999849e-01 -1.178439999999999932e+00 5.156169999999999920e-01
-7.719300000000000050e-01 -1.085280000000000022e+00 6.487290000000000001e-01
-8.903680000000000483e-01 -1.055269999999999930e+00 5.633930000000000327e-01
-8.756099999999999994e-01 -1.148419999999999996e+00 4.302819999999999978e-01
-4.445799999999999752e-01 -1.258180000000000076e+00 5.790680000000000271e-01
-3.709489999999999732e-01 -9.333350000000000257e-01 9.083139999999999548e-01
-4.821070000000000078e-01 -9.726669999999999483e-01 9.083120000000000083e-01
-4.807939999999999992e-01 -1.087760000000000060e+00 7.962860000000000493e-01
-3.696479999999999766e-01 -1.048429999999999973e+00 7.963149999999999951e-01
1.965520000000000045e-01 -1.215619999999999923e+00 4.538280000000000092e-01
2.922130000000000005e-01 -1.248129999999999962e+00 3.980980000000000074e-01
2.632959999999999745e-01 -1.116919999999999913e+00 5.124189999999999579e-01
-8.243009999999999504e-01 -8.603760000000000296e-01 -3.947820000000000218e-01
-7.936400000000000121e-01 -9.769740000000000091e-01 -4.031259999999999843e-01
-8.908749999999999725e-01 -9.885289999999999910e-01 -2.390390000000000015e-01
-9.215360000000000218e-01 -8.719310000000000116e-01 -2.306950000000000112e-01
-1.041050000000000031e+00 -9.317320000000000046e-01 2.128599999999999937e-01
-1.005730000000000013e+00 -9.408950000000000369e-01 3.702940000000000120e-01
-1.175250000000000045e-01 -9.216769999999999685e-01 8.341579999999999551e-01
-1.419630000000000059e-01 -8.733429999999999804e-01 8.778730000000000144e-01
-2.687459999999999849e-01 -8.926269999999999483e-01 8.984180000000000499e-01
-2.862200000000000161e-02 -9.403179999999999872e-01 7.830930000000000391e-01
-1.471000000000000085e-03 -8.779559999999999587e-01 7.783160000000000078e-01
5.794899999999999496e-01 -1.027979999999999894e+00 2.133499999999999980e-02
5.545360000000000289e-01 -9.619280000000000053e-01 -7.426000000000000309e-03
5.352010000000000378e-01 -9.106210000000000138e-01 -1.179209999999999980e-01
5.381019999999999692e-01 -9.277490000000000459e-01 -1.828680000000000028e-01
3.985360000000000014e-01 -9.737419999999999964e-01 -3.957939999999999792e-01
3.504990000000000050e-01 -8.963430000000000009e-01 -4.231920000000000126e-01
2.711890000000000134e-01 -8.749500000000000055e-01 -4.636199999999999766e-01
1.385160000000000002e-01 -8.577780000000000404e-01 -5.159240000000000492e-01
1.403449999999999975e-01 -9.440250000000000030e-01 -5.605149999999999855e-01
4.292399999999999688e-02 -9.253000000000000114e-01 -6.054399999999999782e-01
4.109499999999999958e-02 -8.390530000000000488e-01 -5.608490000000000419e-01
-3.481099999999999750e-01 -6.880779999999999674e-01 -6.099020000000000552e-01
-2.226869999999999961e-01 -7.464229999999999476e-01 -6.299379999999999979e-01
1.543299999999999950e-01 -7.672689999999999788e-01 -4.529420000000000113e-01
2.870030000000000081e-01 -7.844410000000000549e-01 -4.006390000000000229e-01
4.520300000000000012e-02 -7.231689999999999507e-01 -4.677979999999999916e-01
-4.019400000000000056e-02 -5.648699999999999832e-01 -3.956439999999999957e-01
-1.692069999999999963e-01 -5.379399999999999737e-01 -3.998269999999999880e-01
-2.113520000000000121e-01 -5.090930000000000177e-01 -2.533520000000000216e-01
-3.411600000000000188e-01 -5.619119999999999671e-01 -2.295540000000000080e-01
-3.445050000000000057e-01 -5.972220000000000306e-01 -9.051399999999999724e-02
-2.146969999999999990e-01 -5.444029999999999703e-01 -1.143119999999999969e-01
-2.678570000000000118e-01 -8.593420000000000503e-01 9.083649999999999780e-01
-1.663080000000000114e-01 -7.991939999999999600e-01 8.886060000000000070e-01
-1.844810000000000061e-01 -7.515659999999999563e-01 8.061850000000000405e-01
-1.815539999999999932e-01 -5.145119999999999694e-01 -3.321450000000000236e-01
-8.802599999999999314e-02 -4.957759999999999945e-01 -2.574739999999999807e-01
-5.822800000000000198e-02 -5.011949999999999461e-01 -3.362669999999999826e-01
-2.437729999999999897e-01 -6.201619999999999910e-01 9.707200000000000550e-02
-1.095389999999999975e-01 -6.053709999999999924e-01 8.036500000000000588e-02
-8.046300000000000674e-02 -5.296119999999999717e-01 -1.310199999999999976e-01
-9.308299999999999907e-02 -6.572980000000000489e-01 2.745480000000000143e-01
-6.826100000000000223e-02 -7.362830000000000208e-01 7.649240000000000483e-01
-2.581500000000000114e-02 -8.038070000000000492e-01 7.890490000000000004e-01
-5.149430000000000396e-01 -9.709400000000000253e-01 9.063139999999999530e-01
-5.022969999999999935e-01 -9.264270000000000005e-01 9.003210000000000379e-01
-6.039160000000000084e-01 -9.371359999999999690e-01 8.497970000000000246e-01
-6.165610000000000257e-01 -9.816489999999999938e-01 8.557900000000000507e-01
-9.837759999999999838e-01 -9.071379999999999999e-01 3.928820000000000090e-01
-1.034140000000000059e+00 -8.773739999999999872e-01 2.175829999999999986e-01
-9.231279999999999486e-01 -8.053350000000000231e-01 -2.188710000000000100e-01
-8.290739999999999776e-01 -7.875529999999999475e-01 -3.615829999999999878e-01
-9.510709999999999997e-01 -8.842989999999999462e-01 4.012209999999999943e-01
-8.482220000000000315e-01 -9.185149999999999704e-01 5.957449999999999690e-01
-8.185750000000000526e-01 -9.028469999999999551e-01 5.445360000000000200e-01
-9.214229999999999920e-01 -8.686310000000000420e-01 3.500130000000000186e-01
-8.613490000000000313e-01 -7.857119999999999660e-01 -7.122599999999999765e-02
-8.652910000000000323e-01 -8.103120000000000323e-01 3.765299999999999897e-02
-9.431040000000000534e-01 -8.417369999999999575e-01 2.116419999999999968e-01
-6.505729999999999569e-01 -7.969810000000000505e-01 1.074729999999999991e-01
-6.366519999999999957e-01 -8.298820000000000086e-01 2.897159999999999735e-01
-7.319130000000000358e-01 -8.923069999999999613e-01 5.532160000000000410e-01
-7.021640000000000104e-01 -9.122160000000000268e-01 7.054540000000000255e-01
-5.771290000000000031e-01 -9.098129999999999828e-01 8.089100000000000179e-01
-4.852469999999999839e-01 -8.829390000000000294e-01 8.159250000000000114e-01
-3.404599999999999849e-01 -6.543489999999999585e-01 -5.240599999999999703e-01
-4.713979999999999837e-01 -6.916550000000000198e-01 -5.993100000000000094e-01
-4.637479999999999936e-01 -6.579260000000000108e-01 -5.134680000000000355e-01
-4.701119999999999743e-01 -6.331980000000000386e-01 -4.434489999999999821e-01
-3.448840000000000239e-01 -5.422690000000000010e-01 -3.431989999999999763e-01
-4.699059999999999904e-01 -5.946249999999999591e-01 -3.230279999999999818e-01
-4.661819999999999853e-01 -6.142680000000000362e-01 -2.093839999999999868e-01
-4.509400000000000075e-01 -6.485889999999999711e-01 -7.876600000000000268e-02
-3.957060000000000022e-01 -7.989859999999999740e-01 6.450569999999999915e-01
-4.116049999999999986e-01 -7.679310000000000302e-01 4.596759999999999735e-01
-5.422869999999999635e-01 -7.536960000000000326e-01 8.483200000000000462e-02
-5.309199999999999475e-01 -7.918619999999999548e-01 2.635870000000000157e-01
-5.785679999999999712e-01 -1.250950000000000006e+00 5.453620000000000134e-01
-6.147810000000000219e-01 -1.080529999999999990e+00 7.625800000000000356e-01
7.426699999999999968e-02 -1.340300000000000047e+00 5.931600000000000067e-02
6.719000000000000146e-03 -9.461239999999999650e-01 -6.424710000000000143e-01
-8.609710000000000418e-01 -1.065490000000000048e+00 -2.107350000000000056e-01
-8.459919999999999662e-01 -1.140560000000000018e+00 -3.941599999999999965e-02
-7.621139999999999581e-01 -1.093739999999999934e+00 -2.784090000000000176e-01
-8.148549999999999960e-01 -1.007060000000000066e+00 7.243060000000000054e-01
-6.577060000000000128e-01 -1.002299999999999969e+00 8.381579999999999586e-01
-9.150080000000000435e-01 -9.991820000000000146e-01 5.687219999999999498e-01
-3.106059999999999932e-01 -7.250619999999999843e-01 4.624579999999999802e-01
-2.378429999999999989e-01 -6.668250000000000011e-01 2.903569999999999762e-01
-7.289510000000000156e-01 -9.395379999999999843e-01 7.463410000000000322e-01
-1.001430000000000042e+00 -8.545350000000000446e-01 2.259220000000000117e-01
-7.852390000000000203e-01 -7.657859999999999667e-01 -1.152330000000000021e-01
-4.767230000000000079e-01 -6.013089999999999824e-01 -4.030349999999999766e-01
-7.708690000000000264e-01 -7.937640000000000251e-01 2.461000000000000080e-03
-2.958899999999999864e-01 -7.558650000000000091e-01 6.391350000000000087e-01
-3.259250000000000203e-01 -5.975859999999999506e-01 -4.512950000000000017e-01
-3.325370000000000270e-01 -5.656980000000000341e-01 -4.108809999999999962e-01
-1.231229999999999963e-01 -7.793139999999999512e-01 -6.232060000000000377e-01
1.219000000000000031e-03 -7.858939999999999815e-01 -5.380150000000000210e-01
-3.699729999999999963e-01 -1.289949999999999930e+00 -1.548549999999999927e-01
1.614680000000000004e-01 -1.257009999999999961e+00 -1.941519999999999913e-01
2.810920000000000085e-01 -1.107860000000000067e+00 -3.631070000000000131e-01
1.697710000000000052e-01 -1.265419999999999989e+00 4.182730000000000059e-01
-3.700590000000000268e-01 -9.000500000000000167e-01 9.182599999999999651e-01
